% -------------------------------------------------------------------
%  Generated by MATLAB on 26-Oct-2018 17:13:40
%  MATLAB version: 9.4.0.813654 (R2018a)
% -------------------------------------------------------------------
                                 

task = 'ictalcogbaseline';

p = struct;
p.fieldepoch = 'start';
p.twepoch = [-300 1000];
p.bc = 1;
p.bcfield = 'start';
p.twbc = [-300 0];
p.smoothwin = 50;
p.twResc = [-300 0];
p.twsmooth = [-250 950];
p.plot_cond = [1 2 3];

