% -------------------------------------------------------------------
%  Generated by MATLAB on 9-Oct-2018 13:33:24
%  MATLAB version: 9.4.0.813654 (R2018a)
% -------------------------------------------------------------------
                                 

task = 'emotionf_newbl';

p = struct;
p.fieldepoch = 'start';
p.twepoch = [-300 1000];
p.bc = 1;
p.bcfield = 'start';
p.twbc = cell(1, 3);
p.twbc{1} = 'ITI';
p.twbc{2} = '700';
p.twbc{3} = '900';
p.smoothwin = 50;
p.twResc = cell(1, 3);
p.twResc{1} = 'ITI';
p.twResc{2} = '700';
p.twResc{3} = '900';
p.twsmooth = [-250 950];
p.plot_cond = [1 2 3 4];

