% -------------------------------------------------------------------
%  Generated by MATLAB on 8-Oct-2018 15:21:16
%  MATLAB version: 9.4.0.813654 (R2018a)
% -------------------------------------------------------------------
                                 

task = 'new_test';

p = struct;
p.fieldepoch = 'start';
p.twepoch = [-700 700];
p.bc = 1;
p.bcfield = 'start';
p.twbc = cell(1, 3);
p.twbc{1} = 'A';
p.twbc{2} = '400';
p.twbc{3} = '700';
p.smoothwin = 50;
p.twResc = cell(1, 3);
p.twResc{1} = 'A';
p.twResc{2} = '400';
p.twResc{3} = '700';
p.twsmooth = [-650 650];
p.plot_cond = [1 2 3];

